1.847333333333333201e+02,1.033333333333333393e+01
2.301707317073170600e+02,8.992682926829267842e+01
7.685549132947977569e+01,7.305780346820809257e+01
5.980769230769230660e+01,1.088461538461538503e+01
1.987551020408163254e+02,2.097959183673469497e+01
1.756516129032258107e+02,8.376774193548386904e+01
2.404152542372881385e+02,8.404237288135593076e+01
1.773977272727272805e+02,4.914204545454545325e+01
2.542564102564102484e+02,2.376923076923077005e+01
1.651153846153846132e+02,3.646153846153845990e+01
1.020579710144927503e+02,8.113043478260870245e+01
9.744705882352941728e+01,5.263529411764705657e+01
1.624029850746268551e+02,2.619402985074626855e+01
1.953333333333333428e+02,1.479166666666666607e+01
1.979397590361445793e+02,4.166265060240964146e+01
1.005625000000000000e+02,6.769791666666667140e+01
1.258333333333333286e+02,8.966666666666666785e+00
1.160240963855421654e+02,7.886746987951806886e+01
1.885061728395061778e+02,8.883333333333332860e+01
1.024324324324324351e+02,9.584684684684684441e+01
1.500000000000000000e+02,2.496875000000000000e+01
6.109722222222222143e+01,8.518055555555555713e+01
1.644545454545454675e+02,1.159090909090909065e+02
2.097974683544303787e+02,4.439240506329113600e+01
1.894833333333333201e+02,1.994999999999999929e+01
6.735135135135135442e+01,4.329729729729729826e+01
1.230799999999999983e+02,6.235000000000000142e+01
1.747341772151898738e+02,3.683544303797468444e+01
2.304230769230769340e+02,1.900000000000000000e+01
1.430882352941176521e+02,9.058823529411764497e+00
2.548956521739130494e+02,7.581739130434782226e+01
2.223571428571428612e+02,4.780612244897959329e+01
1.768333333333333428e+02,1.391666666666666607e+01
8.242499999999999716e+01,9.724999999999999645e+00
1.324810126582278542e+02,1.326582278481012622e+01
1.577818181818181813e+02,9.108484848484847873e+01
8.320000000000000284e+01,1.100499999999999972e+02
1.686901408450704309e+02,1.936619718309859195e+01
1.100526315789473699e+02,5.739473684210526017e+01
8.380454545454544757e+01,5.481363636363636260e+01
2.364247787610619582e+02,2.780530973451327270e+01
2.357586206896551744e+02,5.260344827586207117e+01
1.334472049689441064e+02,7.761490683229813214e+01
1.035916230366492101e+02,2.223036649214659732e+01
2.143055555555555429e+02,3.401851851851851904e+01
4.713953488372092693e+01,1.155813953488372015e+01
1.926153846153846132e+02,1.061538461538461497e+01
1.549630484988452679e+02,5.531177829099306820e+01
2.470886075949367182e+02,3.083544303797468444e+01
2.710000000000000000e+02,5.750000000000000000e+01
9.350000000000000000e+01,7.400000000000000000e+01
8.998473282442748200e+01,3.415267175572519420e+01
1.531688311688311614e+02,3.561688311688311614e+01
2.308340611353711722e+02,3.894323144104803447e+01
2.100000000000000000e+02,1.225000000000000000e+01
5.484873949579831987e+01,8.835294117647059409e+01
8.590000000000000568e+01,1.014714285714285751e+02
2.021805555555555429e+02,9.087500000000000000e+01
1.747415730337078514e+02,2.714606741573033588e+01
1.190547945205479436e+02,1.112465753424657464e+02
6.585185185185184764e+01,9.450000000000000000e+01
3.930864197530863891e+01,6.343209876543210157e+01
5.690476190476190510e+01,2.709523809523809490e+01
6.298749999999999716e+01,3.368750000000000000e+01
2.387142857142857224e+02,2.064285714285714235e+01
1.116521739130434838e+02,1.040289855072463752e+02
2.244117647058823479e+02,1.392156862745098067e+01
1.311333333333333258e+02,1.818333333333333357e+01
7.729629629629629051e+01,1.429629629629629584e+01
1.124390243902439011e+02,8.975609756097561842e+00
5.402352941176470580e+01,7.258823529411765207e+01
2.472814814814814781e+02,4.481481481481481666e+01
1.280869565217391255e+02,3.076086956521739069e+01
1.460680272108843667e+02,8.435374149659864429e+01
1.153513513513513544e+02,1.354054054054054035e+01
5.540740740740740478e+01,6.150617283950617065e+01
1.689729729729729684e+02,1.101351351351351298e+02
1.153278688524590194e+02,2.919672131147541094e+01
7.057534246575342252e+01,1.036164383561643803e+02
2.047720207253886144e+02,5.759585492227979131e+01
1.570000000000000000e+02,9.500000000000000000e+00
2.450787401574803255e+02,7.188188976377952599e+01
9.620430107526881613e+01,2.687096774193548399e+01
1.404413793103448143e+02,6.899310344827586050e+01
1.563057851239669560e+02,1.054958677685950477e+02
1.888595041322313932e+02,2.913223140495867725e+01
2.266744186046511516e+02,2.597674418604651336e+01
2.023305084745762770e+02,3.174576271186440835e+01
2.448571428571428612e+02,2.200000000000000000e+01
9.492187500000000000e+01,8.678125000000000000e+01
1.224013157894736850e+02,9.788157894736842479e+01
1.036212121212121247e+02,1.102121212121212182e+02
4.221951219512195053e+01,5.330487804878048763e+01
8.962500000000000000e+01,9.383750000000000568e+01
1.706111111111111143e+02,7.238888888888888573e+01
1.305229110512129296e+02,4.614824797843665749e+01
8.341111111111111143e+01,4.504444444444444429e+01
2.176708860759493689e+02,2.369620253164556800e+01
1.559215686274509665e+02,1.884313725490196134e+01
1.339420289855072497e+02,1.075797101449275317e+02
5.407758620689655515e+01,3.429310344827586476e+01
1.926250000000000000e+02,9.754166666666667140e+01
1.600677083333333428e+02,7.719791666666667140e+01
2.640147058823529278e+02,3.772058823529411598e+01
2.075849056603773590e+02,2.222641509433962170e+01
2.440000000000000000e+02,1.800000000000000000e+01
1.798695652173913118e+02,1.035155279503105561e+02
2.036603773584905639e+02,1.006226415094339615e+02
2.563500000000000227e+02,6.261249999999999716e+01
1.861265822784810098e+02,3.867088607594936889e+01
6.656028368794326866e+01,7.697163120567375927e+01
1.292967741935483730e+02,8.796774193548387188e+01
1.251463414634146289e+02,1.170731707317073216e+02
1.642812500000000000e+02,1.378125000000000000e+01
1.757599999999999909e+02,1.134000000000000057e+02
2.074000000000000057e+02,8.573333333333333428e+01
7.035897435897436480e+01,1.053846153846153832e+01
2.196636771300448459e+02,6.064125560538116844e+01
1.390882352941176521e+02,1.175000000000000000e+02
2.474810126582278542e+02,5.759493670886075734e+01
1.359402985074626997e+02,2.405970149253731449e+01
2.558229166666666572e+02,3.407291666666666430e+01
8.251923076923077360e+01,6.484615384615383959e+01
9.751470588235294201e+01,1.038235294117647101e+02
1.490000000000000000e+02,1.136197183098591523e+02
1.565000000000000000e+02,1.350000000000000000e+01
2.011578947368421098e+02,1.157894736842105310e+01
1.680384615384615472e+02,9.769230769230770051e+00
8.528749999999999432e+01,8.286249999999999716e+01
1.995600000000000023e+02,4.956000000000000227e+01
1.152697368421052602e+02,6.771052631578947967e+01
5.043939393939393767e+01,4.540151515151514872e+01
6.801587301587301226e+01,2.680423280423280374e+01
2.564782608695651902e+02,4.850724637681159379e+01
1.679174311926605583e+02,9.697247706422018609e+01
1.802596491228070192e+02,6.576491228070175055e+01
1.116388888888888857e+02,8.890277777777777146e+01
1.858571428571428612e+02,7.797619047619048160e+01
4.410144927536232018e+01,4.597101449275362484e+01
1.014210526315789451e+02,9.263157894736842479e+00
7.565789473684210975e+01,9.112280701754386314e+01
1.796666666666666572e+02,1.952380952380952550e+01
1.903666666666666742e+02,1.077999999999999972e+02
2.341450777202072402e+02,6.605181347150258375e+01
1.403644859813084054e+02,3.302803738317756910e+01
2.151929824561403564e+02,1.684210526315789380e+01
1.439379844961240451e+02,9.822480620155039333e+01
6.516814159292034958e+01,6.071681415929203496e+01
1.085000000000000000e+02,7.370454545454545325e+01
1.626090909090908951e+02,4.531818181818182012e+01
1.018444444444444485e+02,1.534444444444444500e+01
2.165061728395061778e+02,8.327160493827160792e+01
2.308936170212765830e+02,8.042553191489361097e+01
9.266666666666667140e+01,9.393939393939394478e+00
1.478125000000000000e+02,1.183125000000000000e+02
1.083770491803278730e+02,3.989508196721311606e+01
9.243750000000000000e+01,1.107083333333333286e+02
2.182180451127819651e+02,9.507518796992481214e+01
2.644128440366972654e+02,5.274311926605504652e+01
5.058181818181817846e+01,1.638181818181818272e+01
1.978666666666666742e+02,8.226666666666666572e+01
2.370000000000000000e+02,1.020000000000000000e+02
2.960000000000000000e+02,2.100000000000000000e+01
2.000000000000000000e+01,1.090000000000000000e+02
8.800000000000000000e+01,1.240000000000000000e+02
9.300000000000000000e+01,1.160000000000000000e+02
4.800000000000000000e+01,9.700000000000000000e+01
2.940000000000000000e+02,8.600000000000000000e+01
7.000000000000000000e+01,1.000000000000000000e+00
1.600000000000000000e+01,6.500000000000000000e+01
1.710000000000000000e+02,1.270000000000000000e+02
2.100000000000000000e+01,5.000000000000000000e+01
2.970000000000000000e+02,1.140000000000000000e+02
2.730000000000000000e+02,1.310000000000000000e+02
2.950000000000000000e+02,1.120000000000000000e+02
2.130000000000000000e+02,1.270000000000000000e+02
3.600000000000000000e+01,0.000000000000000000e+00
4.300000000000000000e+01,1.240000000000000000e+02
1.020000000000000000e+02,1.230000000000000000e+02
2.780000000000000000e+02,3.100000000000000000e+01
2.890000000000000000e+02,4.200000000000000000e+01
9.000000000000000000e+00,1.500000000000000000e+01
1.230000000000000000e+02,1.210000000000000000e+02
2.950000000000000000e+02,6.600000000000000000e+01
2.100000000000000000e+02,9.000000000000000000e+00
3.300000000000000000e+01,1.130000000000000000e+02
2.770000000000000000e+02,3.100000000000000000e+01
2.350000000000000000e+02,4.000000000000000000e+00
1.200000000000000000e+01,2.200000000000000000e+01
2.750000000000000000e+02,1.210000000000000000e+02
6.000000000000000000e+00,2.200000000000000000e+01
2.030000000000000000e+02,8.000000000000000000e+00
2.810000000000000000e+02,1.090000000000000000e+02
1.000000000000000000e+01,4.300000000000000000e+01
2.000000000000000000e+01,4.800000000000000000e+01
5.100000000000000000e+01,1.040000000000000000e+02
2.760000000000000000e+02,4.700000000000000000e+01
8.900000000000000000e+01,1.210000000000000000e+02
1.130000000000000000e+02,1.200000000000000000e+02
2.420000000000000000e+02,1.150000000000000000e+02
2.780000000000000000e+02,6.500000000000000000e+01
2.400000000000000000e+01,2.200000000000000000e+01
3.400000000000000000e+01,1.230000000000000000e+02
2.670000000000000000e+02,1.800000000000000000e+01
6.400000000000000000e+01,1.270000000000000000e+02
2.680000000000000000e+02,1.060000000000000000e+02
2.980000000000000000e+02,2.600000000000000000e+01
7.300000000000000000e+01,1.310000000000000000e+02
4.100000000000000000e+01,1.100000000000000000e+02
2.620000000000000000e+02,8.500000000000000000e+01
2.970000000000000000e+02,1.060000000000000000e+02
2.750000000000000000e+02,9.900000000000000000e+01
1.130000000000000000e+02,1.260000000000000000e+02
1.930000000000000000e+02,1.240000000000000000e+02
1.340000000000000000e+02,1.300000000000000000e+02
2.700000000000000000e+01,1.180000000000000000e+02
1.600000000000000000e+01,4.800000000000000000e+01
1.300000000000000000e+01,1.010000000000000000e+02
2.990000000000000000e+02,1.010000000000000000e+02
1.200000000000000000e+01,7.200000000000000000e+01
2.300000000000000000e+02,1.200000000000000000e+02
2.000000000000000000e+01,6.500000000000000000e+01
2.990000000000000000e+02,3.600000000000000000e+01
1.300000000000000000e+01,2.000000000000000000e+01
2.430000000000000000e+02,1.050000000000000000e+02
1.600000000000000000e+01,1.130000000000000000e+02
2.400000000000000000e+01,8.600000000000000000e+01
2.940000000000000000e+02,1.260000000000000000e+02
3.020000000000000000e+02,1.140000000000000000e+02
6.000000000000000000e+00,7.000000000000000000e+01
3.030000000000000000e+02,6.500000000000000000e+01
2.130000000000000000e+02,1.320000000000000000e+02
2.250000000000000000e+02,1.270000000000000000e+02
2.480000000000000000e+02,1.280000000000000000e+02
3.400000000000000000e+01,1.240000000000000000e+02
2.980000000000000000e+02,2.300000000000000000e+01
5.100000000000000000e+01,2.000000000000000000e+00
6.700000000000000000e+01,0.000000000000000000e+00
1.600000000000000000e+01,3.500000000000000000e+01
9.100000000000000000e+01,1.210000000000000000e+02
1.040000000000000000e+02,1.000000000000000000e+00
2.870000000000000000e+02,2.200000000000000000e+01
3.300000000000000000e+01,1.000000000000000000e+02
2.120000000000000000e+02,1.210000000000000000e+02
2.530000000000000000e+02,1.400000000000000000e+01
2.640000000000000000e+02,8.300000000000000000e+01
3.000000000000000000e+00,1.200000000000000000e+01
3.020000000000000000e+02,6.400000000000000000e+01
2.980000000000000000e+02,3.100000000000000000e+01
2.760000000000000000e+02,9.800000000000000000e+01
2.530000000000000000e+02,1.150000000000000000e+02
5.900000000000000000e+01,1.200000000000000000e+02
2.430000000000000000e+02,9.800000000000000000e+01
3.600000000000000000e+01,1.040000000000000000e+02
2.770000000000000000e+02,1.090000000000000000e+02
2.930000000000000000e+02,2.500000000000000000e+01
2.900000000000000000e+01,7.200000000000000000e+01
3.400000000000000000e+01,1.500000000000000000e+01
3.800000000000000000e+01,8.700000000000000000e+01
2.920000000000000000e+02,9.200000000000000000e+01
2.700000000000000000e+02,1.700000000000000000e+01
2.970000000000000000e+02,5.300000000000000000e+01
5.600000000000000000e+01,1.160000000000000000e+02
2.500000000000000000e+01,7.700000000000000000e+01
2.570000000000000000e+02,4.000000000000000000e+00
2.730000000000000000e+02,2.700000000000000000e+01
1.100000000000000000e+01,1.260000000000000000e+02
2.800000000000000000e+02,6.500000000000000000e+01
1.280000000000000000e+02,1.280000000000000000e+02
2.620000000000000000e+02,1.900000000000000000e+01
2.750000000000000000e+02,8.000000000000000000e+00
2.560000000000000000e+02,1.230000000000000000e+02
2.310000000000000000e+02,1.240000000000000000e+02
2.840000000000000000e+02,1.010000000000000000e+02
2.910000000000000000e+02,9.400000000000000000e+01
2.600000000000000000e+02,1.240000000000000000e+02
8.200000000000000000e+01,1.210000000000000000e+02
2.320000000000000000e+02,1.080000000000000000e+02
2.890000000000000000e+02,1.700000000000000000e+01
1.510000000000000000e+02,1.290000000000000000e+02
2.780000000000000000e+02,1.020000000000000000e+02
1.450000000000000000e+02,5.000000000000000000e+00
4.900000000000000000e+01,1.250000000000000000e+02
1.100000000000000000e+01,2.000000000000000000e+01
2.350000000000000000e+02,1.130000000000000000e+02
2.910000000000000000e+02,8.500000000000000000e+01
2.790000000000000000e+02,4.600000000000000000e+01
3.800000000000000000e+01,1.030000000000000000e+02
2.600000000000000000e+01,2.200000000000000000e+01
1.300000000000000000e+01,1.050000000000000000e+02
7.500000000000000000e+01,1.320000000000000000e+02
9.900000000000000000e+01,1.300000000000000000e+02
2.500000000000000000e+01,1.300000000000000000e+01
2.920000000000000000e+02,3.100000000000000000e+01
5.900000000000000000e+01,1.190000000000000000e+02
2.290000000000000000e+02,1.290000000000000000e+02
7.700000000000000000e+01,1.240000000000000000e+02
1.340000000000000000e+02,4.000000000000000000e+00
2.630000000000000000e+02,9.800000000000000000e+01
5.300000000000000000e+01,1.090000000000000000e+02
2.910000000000000000e+02,1.300000000000000000e+01
2.460000000000000000e+02,1.170000000000000000e+02
2.740000000000000000e+02,3.700000000000000000e+01
2.350000000000000000e+02,9.700000000000000000e+01
9.000000000000000000e+01,1.230000000000000000e+02
2.270000000000000000e+02,1.200000000000000000e+02
2.570000000000000000e+02,1.040000000000000000e+02
1.000000000000000000e+00,9.300000000000000000e+01
2.370000000000000000e+02,9.500000000000000000e+01
1.600000000000000000e+01,1.170000000000000000e+02
1.000000000000000000e+00,8.700000000000000000e+01
2.800000000000000000e+02,1.900000000000000000e+01
4.500000000000000000e+01,1.170000000000000000e+02
2.800000000000000000e+01,1.220000000000000000e+02
2.100000000000000000e+01,1.000000000000000000e+02
8.300000000000000000e+01,1.320000000000000000e+02
2.420000000000000000e+02,1.140000000000000000e+02
5.000000000000000000e+00,1.000000000000000000e+00
2.090000000000000000e+02,1.320000000000000000e+02
2.040000000000000000e+02,5.000000000000000000e+00
1.510000000000000000e+02,1.000000000000000000e+00
5.000000000000000000e+00,5.100000000000000000e+01
2.230000000000000000e+02,1.200000000000000000e+02
2.700000000000000000e+01,2.200000000000000000e+01
1.300000000000000000e+01,3.600000000000000000e+01
2.500000000000000000e+01,1.100000000000000000e+01
2.810000000000000000e+02,1.500000000000000000e+01
2.880000000000000000e+02,5.200000000000000000e+01
3.000000000000000000e+02,9.600000000000000000e+01
4.700000000000000000e+01,9.000000000000000000e+01
7.000000000000000000e+00,1.200000000000000000e+02
2.650000000000000000e+02,7.700000000000000000e+01
1.690000000000000000e+02,6.000000000000000000e+00
7.200000000000000000e+01,1.170000000000000000e+02
2.780000000000000000e+02,1.160000000000000000e+02
1.560000000000000000e+02,1.300000000000000000e+02
5.600000000000000000e+01,1.110000000000000000e+02
1.000000000000000000e+00,2.000000000000000000e+01
2.180000000000000000e+02,0.000000000000000000e+00
5.100000000000000000e+01,9.700000000000000000e+01
1.900000000000000000e+02,1.220000000000000000e+02
4.000000000000000000e+00,3.100000000000000000e+01
5.400000000000000000e+01,8.000000000000000000e+00
2.670000000000000000e+02,1.500000000000000000e+01
2.900000000000000000e+02,1.800000000000000000e+01
3.600000000000000000e+01,9.000000000000000000e+00
2.400000000000000000e+01,6.400000000000000000e+01
3.200000000000000000e+01,3.500000000000000000e+01
8.700000000000000000e+01,1.280000000000000000e+02
9.300000000000000000e+01,1.000000000000000000e+00
3.000000000000000000e+01,1.230000000000000000e+02
5.900000000000000000e+01,1.300000000000000000e+02
3.300000000000000000e+01,6.200000000000000000e+01
2.550000000000000000e+02,1.170000000000000000e+02
9.200000000000000000e+01,1.160000000000000000e+02
3.500000000000000000e+01,6.000000000000000000e+00
2.940000000000000000e+02,1.300000000000000000e+01
1.200000000000000000e+01,3.200000000000000000e+01
2.570000000000000000e+02,1.000000000000000000e+01
3.000000000000000000e+02,1.080000000000000000e+02
2.570000000000000000e+02,2.000000000000000000e+00
7.900000000000000000e+01,1.033142857142857167e+02
1.491818181818181870e+02,1.300000000000000000e+01
1.853157894736842195e+02,1.400000000000000000e+01
2.647183098591549424e+02,6.716901408450704025e+01
1.903459119496855294e+02,5.320125786163522008e+01
1.500675675675675791e+02,6.522972972972972627e+01
1.097631578947368354e+02,1.148684210526315752e+02
1.582173913043478137e+02,1.120000000000000000e+02
8.356000000000000227e+01,1.773333333333333428e+01
2.137777777777777715e+02,1.018888888888888857e+02
5.958638743455497178e+01,4.570157068062827221e+01
1.049862385321100930e+02,4.823394495412843952e+01
2.001987951807228967e+02,7.540361445783132410e+01
2.153504672897196315e+02,7.313551401869159463e+01
2.698999999999999773e+02,4.225000000000000000e+01
